2
60
0 APT01
1 APT02
2 APT03
4 APT05
5 APT06
6 APT07
7 APT08
8 APT09
9 APT10
10 APT11
11 APT12
12 APT13
13 APT14
14 APT15
15 APT16
16 APT17
17 APT18
18 APT19
19 APT20
20 APT21
21 APT22
22 APT23
23 APT24
24 APT25
25 APT26
26 APT27
27 APT28
28 APT29
29 APT30
30 APT31
31 APT32
32 APT33
33 APT34
34 APT35
35 APT36
36 APT37
37 APT38
38 APT39
39 APT40
40 APT41
41 APT42
42 APT43
43 APT44
44 APT45
45 APT46
46 APT47
47 APT48
48 APT49
49 APT50
50 APT51
51 APT52
52 APT53
53 APT54
54 APT55
55 APT56
56 APT57
57 APT58
58 APT59
59 APT60
1710
0 1 85
0 2 36
0 4 51
0 5 50
0 6 0
0 7 49
0 8 58
0 9 42
0 10 30
0 11 0
0 12 38
0 13 48
0 14 0
0 15 66
0 16 34
0 17 58
0 18 0
0 19 72
0 20 61
0 21 27
0 22 0
0 23 0
0 24 61
0 25 33
0 26 37
0 27 0
0 28 78
0 29 33
0 30 45
0 31 38
0 32 70
0 33 0
0 34 46
0 35 0
0 36 0
0 37 31
0 38 0
0 39 44
0 40 44
0 41 66
0 42 0
0 43 41
0 44 79
0 45 74
0 46 0
0 47 0
0 48 0
0 49 46
0 50 73
0 51 39
0 52 39
0 53 48
0 54 44
0 55 0
0 56 44
0 57 68
0 58 73
0 59 43
1 2 null
1 4 41
1 5 43
1 6 0
1 7 37
1 8 46
1 9 38
1 10 26
1 11 0
1 12 35
1 13 41
1 14 0
1 15 74
1 16 25
1 17 53
1 18 0
1 19 57
1 20 51
1 21 25
1 22 0
1 23 0
1 24 52
1 25 32
1 26 35
1 27 0
1 28 70
1 29 39
1 30 45
1 31 40
1 32 64
1 33 0
1 34 41
1 35 0
1 36 0
1 37 35
1 38 0
1 39 44
1 40 44
1 41 57
1 42 0
1 43 49
1 44 69
1 45 63
1 46 0
1 47 0
1 48 0
1 49 52
1 50 66
1 51 43
1 52 40
1 53 48
1 54 46
1 55 0
1 56 50
1 57 60
1 58 63
1 59 40
2 4 67
2 5 70
2 6 0
2 7 58
2 8 69
2 9 90
2 10 91
2 11 0
2 12 91
2 13 72
2 14 0
2 15 48
2 16 74
2 17 59
2 18 0
2 19 54
2 20 55
2 21 74
2 22 0
2 23 0
2 24 72
2 25 81
2 26 82
2 27 0
2 28 62
2 29 55
2 30 76
2 31 67
2 32 69
2 33 0
2 34 86
2 35 0
2 36 0
2 37 54
2 38 0
2 39 73
2 40 73
2 41 74
2 42 0
2 43 51
2 44 62
2 45 64
2 46 0
2 47 0
2 48 0
2 49 54
2 50 67
2 51 60
2 52 67
2 53 75
2 54 68
2 55 0
2 56 52
2 57 72
2 58 67
2 59 82
4 5 93
4 6 0
4 7 87
4 8 84
4 9 68
4 10 73
4 11 0
4 12 65
4 13 88
4 14 0
4 15 54
4 16 79
4 17 81
4 18 0
4 19 75
4 20 88
4 21 62
4 22 0
4 23 0
4 24 86
4 25 55
4 26 60
4 27 0
4 28 83
4 29 44
4 30 65
4 31 55
4 32 84
4 33 0
4 34 74
4 35 0
4 36 0
4 37 50
4 38 0
4 39 62
4 40 62
4 41 93
4 42 0
4 43 46
4 44 85
4 45 90
4 46 0
4 47 0
4 48 0
4 49 50
4 50 84
4 51 51
4 52 55
4 53 66
4 54 59
4 55 0
4 56 48
4 57 89
4 58 91
4 59 68
5 6 0
5 7 80
5 8 77
5 9 73
5 10 77
5 11 0
5 12 71
5 13 96
5 14 0
5 15 59
5 16 76
5 17 86
5 18 0
5 19 70
5 20 84
5 21 68
5 22 0
5 23 0
5 24 84
5 25 61
5 26 66
5 27 0
5 28 86
5 29 53
5 30 72
5 31 63
5 32 90
5 33 0
5 34 81
5 35 0
5 36 0
5 37 60
5 38 0
5 39 69
5 40 69
5 41 96
5 42 0
5 43 54
5 44 84
5 45 87
5 46 0
5 47 0
5 48 0
5 49 58
5 50 88
5 51 59
5 52 63
5 53 74
5 54 68
5 55 0
5 56 56
5 57 95
5 58 90
5 59 76
6 7 0
6 8 0
6 9 0
6 10 0
6 11 0
6 12 0
6 13 0
6 14 0
6 15 0
6 16 0
6 17 0
6 18 81
6 19 0
6 20 0
6 21 0
6 22 63
6 23 0
6 24 0
6 25 0
6 26 0
6 27 0
6 28 0
6 29 0
6 30 0
6 31 0
6 32 0
6 33 62
6 34 0
6 35 58
6 36 62
6 37 0
6 38 49
6 39 0
6 40 0
6 41 0
6 42 87
6 43 0
6 44 0
6 45 0
6 46 0
6 47 62
6 48 87
6 49 0
6 50 0
6 51 0
6 52 0
6 53 0
6 54 0
6 55 82
6 56 0
6 57 0
6 58 0
6 59 0
7 8 85
7 9 58
7 10 63
7 11 0
7 12 55
7 13 76
7 14 0
7 15 46
7 16 78
7 17 69
7 18 0
7 19 76
7 20 85
7 21 50
7 22 0
7 23 0
7 24 77
7 25 44
7 26 49
7 27 0
7 28 73
7 29 31
7 30 52
7 31 42
7 32 72
7 33 0
7 34 61
7 35 0
7 36 0
7 37 38
7 38 0
7 39 49
7 40 49
7 41 81
7 42 0
7 43 34
7 44 79
7 45 86
7 46 0
7 47 0
7 48 0
7 49 37
7 50 73
7 51 38
7 52 42
7 53 53
7 54 47
7 55 0
7 56 35
7 57 76
7 58 84
7 59 55
8 9 69
8 10 59
8 11 0
8 12 65
8 13 74
8 14 0
8 15 57
8 16 70
8 17 68
8 18 0
8 19 87
8 20 80
8 21 49
8 22 0
8 23 0
8 24 92
8 25 54
8 26 60
8 27 0
8 28 79
8 29 37
8 30 58
8 31 48
8 32 79
8 33 0
8 34 67
8 35 0
8 36 0
8 37 40
8 38 0
8 39 55
8 40 55
8 41 87
8 42 0
8 43 40
8 44 83
8 45 90
8 46 0
8 47 0
8 48 0
8 49 44
8 50 79
8 51 45
8 52 49
8 53 59
8 54 53
8 55 0
8 56 42
8 57 84
8 58 89
8 59 61
9 10 81
9 11 0
9 12 97
9 13 79
9 14 0
9 15 58
9 16 65
9 17 68
9 18 0
9 19 59
9 20 59
9 21 77
9 22 0
9 23 0
9 24 75
9 25 86
9 26 91
9 27 0
9 28 72
9 29 65
9 30 85
9 31 76
9 32 79
9 33 0
9 34 99
9 35 0
9 36 0
9 37 64
9 38 0
9 39 82
9 40 82
9 41 78
9 42 0
9 43 62
9 44 67
9 45 68
9 46 0
9 47 0
9 48 0
9 49 66
9 50 74
9 51 71
9 52 77
9 53 85
9 54 79
9 55 0
9 56 63
9 57 79
9 58 71
9 59 93
10 11 0
10 12 82
10 13 82
10 14 0
10 15 42
10 16 78
10 17 67
10 18 0
10 19 49
10 20 60
10 21 86
10 22 0
10 23 0
10 24 63
10 25 74
10 26 77
10 27 0
10 28 64
10 29 55
10 30 77
10 31 70
10 32 70
10 33 0
10 34 91
10 35 0
10 36 0
10 37 62
10 38 0
10 39 75
10 40 75
10 41 73
10 42 0
10 43 53
10 44 60
10 45 61
10 46 0
10 47 0
10 48 0
10 49 55
10 50 67
10 51 63
10 52 70
10 53 76
10 54 71
10 55 0
10 56 54
10 57 73
10 58 63
10 59 86
11 12 0
11 13 0
11 14 66
11 15 0
11 16 0
11 17 0
11 18 0
11 19 0
11 20 0
11 21 0
11 22 0
11 23 0
11 24 0
11 25 0
11 26 0
11 27 0
11 28 0
11 29 0
11 30 0
11 31 0
11 32 0
11 33 0
11 34 0
11 35 0
11 36 0
11 37 0
11 38 0
11 39 0
11 40 0
11 41 0
11 42 0
11 43 0
11 44 0
11 45 0
11 46 0
11 47 0
11 48 0
11 49 0
11 50 0
11 51 0
11 52 0
11 53 0
11 54 0
11 55 0
11 56 0
11 57 0
11 58 0
11 59 0
12 13 76
12 14 0
12 15 55
12 16 64
12 17 66
12 18 0
12 19 56
12 20 56
12 21 81
12 22 0
12 23 0
12 24 72
12 25 88
12 26 94
12 27 0
12 28 69
12 29 65
12 30 86
12 31 79
12 32 76
12 33 0
12 34 100
12 35 0
12 36 0
12 37 64
12 38 0
12 39 84
12 40 84
12 41 75
12 42 0
12 43 62
12 44 63
12 45 63
12 46 0
12 47 0
12 48 0
12 49 65
12 50 72
12 51 71
12 52 79
12 53 85
12 54 80
12 55 0
12 56 64
12 57 77
12 58 67
12 59 95
13 14 0
13 15 60
13 16 76
13 17 86
13 18 0
13 19 65
13 20 80
13 21 72
13 22 0
13 23 0
13 24 81
13 25 67
13 26 71
13 27 0
13 28 83
13 29 58
13 30 78
13 31 68
13 32 89
13 33 0
13 34 85
13 35 0
13 36 0
13 37 64
13 38 0
13 39 76
13 40 76
13 41 93
13 42 0
13 43 59
13 44 82
13 45 83
13 46 0
13 47 0
13 48 0
13 49 62
13 50 87
13 51 64
13 52 68
13 53 80
13 54 73
13 55 0
13 56 60
13 57 93
13 58 86
13 59 80
14 15 0
14 16 0
14 17 0
14 18 0
14 19 0
14 20 0
14 21 0
14 22 0
14 23 0
14 24 0
14 25 0
14 26 0
14 27 0
14 28 0
14 29 0
14 30 0
14 31 0
14 32 0
14 33 0
14 34 0
14 35 0
14 36 0
14 37 0
14 38 0
14 39 0
14 40 0
14 41 0
14 42 0
14 43 0
14 44 0
14 45 0
14 46 0
14 47 0
14 48 0
14 49 0
14 50 0
14 51 0
14 52 0
14 53 0
14 54 0
14 55 0
14 56 0
14 57 0
14 58 0
14 59 0
15 16 36
15 17 74
15 18 0
15 19 64
15 20 60
15 21 45
15 22 0
15 23 0
15 24 66
15 25 53
15 26 58
15 27 0
15 28 82
15 29 58
15 30 63
15 31 61
15 32 78
15 33 0
15 34 59
15 35 0
15 36 0
15 37 57
15 38 0
15 39 64
15 40 64
15 41 68
15 42 0
15 43 67
15 44 74
15 45 66
15 46 0
15 47 0
15 48 0
15 49 71
15 50 78
15 51 63
15 52 61
15 53 67
15 54 66
15 55 0
15 56 70
15 57 72
15 58 68
15 59 59
16 17 62
16 18 0
16 19 58
16 20 67
16 21 62
16 22 0
16 23 0
16 24 67
16 25 53
16 26 57
16 27 0
16 28 62
16 29 36
16 30 57
16 31 48
16 32 65
16 33 0
16 34 71
16 35 0
16 36 0
16 37 42
16 38 0
16 39 55
16 40 55
16 41 73
16 42 0
16 43 34
16 44 63
16 45 69
16 46 0
16 47 0
16 48 0
16 49 38
16 50 64
16 51 42
16 52 49
16 53 57
16 54 51
16 55 0
16 56 36
16 57 70
16 58 69
16 59 65
17 18 0
17 19 68
17 20 83
17 21 64
17 22 0
17 23 0
17 24 77
17 25 60
17 26 63
17 27 0
17 28 95
17 29 60
17 30 75
17 31 66
17 32 96
17 33 0
17 34 74
17 35 0
17 36 0
17 37 66
17 38 0
17 39 73
17 40 73
17 41 88
17 42 0
17 43 65
17 44 89
17 45 84
17 46 0
17 47 0
17 48 0
17 49 69
17 50 97
17 51 66
17 52 67
17 53 78
17 54 72
17 55 0
17 56 66
17 57 92
17 58 88
17 59 72
18 19 0
18 20 0
18 21 0
18 22 50
18 23 0
18 24 0
18 25 0
18 26 0
18 27 0
18 28 0
18 29 0
18 30 0
18 31 0
18 32 0
18 33 64
18 34 0
18 35 49
18 36 52
18 37 0
18 38 52
18 39 0
18 40 0
18 41 0
18 42 88
18 43 0
18 44 0
18 45 0
18 46 0
18 47 58
18 48 85
18 49 0
18 50 0
18 51 0
18 52 0
18 53 0
18 54 0
18 55 77
18 56 0
18 57 0
18 58 0
18 59 0
19 20 85
19 21 40
19 22 0
19 23 0
19 24 86
19 25 46
19 26 50
19 27 0
19 28 81
19 29 34
19 30 51
19 31 42
19 32 76
19 33 0
19 34 56
19 35 0
19 36 0
19 37 36
19 38 0
19 39 49
19 40 49
19 41 81
19 42 0
19 43 39
19 44 90
19 45 94
19 46 0
19 47 0
19 48 0
19 49 43
19 50 79
19 51 40
19 52 42
19 53 54
19 54 48
19 55 0
19 56 41
19 57 79
19 58 91
19 59 52
20 21 51
20 22 0
20 23 0
20 24 82
20 25 47
20 26 52
20 27 0
20 28 88
20 29 40
20 30 58
20 31 49
20 32 84
20 33 0
20 34 64
20 35 0
20 36 0
20 37 47
20 38 0
20 39 56
20 40 56
20 41 88
20 42 0
20 43 45
20 44 95
20 45 99
20 46 0
20 47 0
20 48 0
20 49 49
20 50 86
20 51 47
20 52 50
20 53 61
20 54 55
20 55 0
20 56 47
20 57 87
20 58 96
20 59 60
21 22 0
21 23 0
21 24 54
21 25 87
21 26 84
21 27 0
21 28 59
21 29 71
21 30 86
21 31 83
21 32 66
21 33 0
21 34 89
21 35 0
21 36 0
21 37 76
21 38 0
21 39 85
21 40 85
21 41 64
21 42 0
21 43 64
21 44 53
21 45 53
21 46 0
21 47 0
21 48 0
21 49 66
21 50 62
21 51 75
21 52 83
21 53 83
21 54 81
21 55 0
21 56 65
21 57 66
21 58 57
21 59 92
22 23 0
22 24 0
22 25 0
22 26 0
22 27 0
22 28 0
22 29 0
22 30 0
22 31 0
22 32 0
22 33 83
22 34 0
22 35 84
22 36 87
22 37 0
22 38 69
22 39 0
22 40 0
22 41 0
22 42 67
22 43 0
22 44 0
22 45 0
22 46 0
22 47 91
22 48 58
22 49 0
22 50 0
22 51 0
22 52 0
22 53 0
22 54 0
22 55 55
22 56 0
22 57 0
22 58 0
22 59 0
23 24 0
23 25 0
23 26 0
23 27 40
23 28 0
23 29 0
23 30 0
23 31 0
23 32 0
23 33 0
23 34 0
23 35 0
23 36 0
23 37 0
23 38 0
23 39 0
23 40 0
23 41 0
23 42 0
23 43 0
23 44 0
23 45 0
23 46 0
23 47 0
23 48 0
23 49 0
23 50 0
23 51 0
23 52 0
23 53 0
23 54 0
23 55 0
23 56 0
23 57 0
23 58 0
23 59 0
24 25 61
24 26 67
24 27 0
24 28 88
24 29 47
24 30 65
24 31 57
24 32 88
24 33 0
24 34 74
24 35 0
24 36 0
24 37 48
24 38 0
24 39 63
24 40 63
24 41 96
24 42 0
24 43 50
24 44 90
24 45 93
24 46 0
24 47 0
24 48 0
24 49 54
24 50 88
24 51 54
24 52 57
24 53 68
24 54 62
24 55 0
24 56 52
24 57 94
24 58 96
24 59 69
25 26 96
25 27 0
25 28 62
25 29 75
25 30 91
25 31 88
25 32 69
25 33 0
25 34 90
25 35 0
25 36 0
25 37 71
25 38 0
25 39 89
25 40 89
25 41 65
25 42 0
25 43 69
25 44 55
25 45 54
25 46 0
25 47 0
25 48 0
25 49 71
25 50 64
25 51 80
25 52 88
25 53 87
25 54 86
25 55 0
25 56 70
25 57 67
25 58 57
25 59 95
26 27 0
26 28 66
26 29 74
26 30 93
26 31 85
26 32 73
26 33 0
26 34 94
26 35 0
26 36 0
26 37 71
26 38 0
26 39 91
26 40 91
26 41 71
26 42 0
26 43 69
26 44 61
26 45 60
26 46 0
26 47 0
26 48 0
26 49 71
26 50 69
26 51 78
26 52 85
26 53 90
26 54 86
26 55 0
26 56 69
26 57 72
26 58 64
26 59 99
27 28 0
27 29 0
27 30 0
27 31 0
27 32 0
27 33 0
27 34 0
27 35 0
27 36 0
27 37 0
27 38 0
27 39 0
27 40 0
27 41 0
27 42 0
27 43 0
27 44 0
27 45 0
27 46 0
27 47 0
27 48 0
27 49 0
27 50 0
27 51 0
27 52 0
27 53 0
27 54 0
27 55 0
27 56 0
27 57 0
27 58 0
27 59 0
28 29 55
28 30 69
28 31 61
28 32 94
28 33 0
28 34 70
28 35 0
28 36 0
28 37 61
28 38 0
28 39 68
28 40 68
28 41 89
28 42 0
28 43 60
28 44 95
28 45 89
28 46 0
28 47 0
28 48 0
28 49 64
28 50 98
28 51 61
28 52 61
28 53 73
28 54 67
28 55 0
28 56 62
28 57 92
28 58 92
28 59 67
29 30 80
29 31 90
29 32 60
29 33 0
29 34 68
29 35 0
29 36 0
29 37 95
29 38 0
29 39 83
29 40 83
29 41 51
29 42 0
29 43 90
29 44 45
29 45 41
29 46 0
29 47 0
29 48 0
29 49 88
29 50 56
29 51 95
29 52 90
29 53 79
29 54 87
29 55 0
29 56 90
29 57 55
29 58 44
29 59 74
30 31 91
30 32 76
30 33 0
30 34 89
30 35 0
30 36 0
30 37 86
30 38 0
30 39 97
30 40 97
30 41 70
30 42 0
30 43 76
30 44 62
30 45 60
30 46 0
30 47 0
30 48 0
30 49 79
30 50 71
30 51 86
30 52 91
30 53 97
30 54 94
30 55 0
30 56 78
30 57 73
30 58 63
30 59 94
31 32 66
31 33 0
31 34 79
31 35 0
31 36 0
31 37 94
31 38 0
31 39 93
31 40 93
31 41 61
31 42 0
31 43 83
31 44 54
31 45 51
31 46 0
31 47 0
31 48 0
31 49 84
31 50 63
31 51 93
31 52 99
31 53 89
31 54 94
31 55 0
31 56 82
31 57 63
31 58 55
31 59 84
32 33 0
32 34 77
32 35 0
32 36 0
32 37 66
32 38 0
32 39 74
32 40 74
32 41 91
32 42 0
32 43 64
32 44 89
32 45 85
32 46 0
32 47 0
32 48 0
32 49 67
32 50 97
32 51 66
32 52 67
32 53 79
32 54 73
32 55 0
32 56 65
32 57 95
32 58 89
32 59 74
33 34 0
33 35 78
33 36 82
33 37 0
33 38 80
33 39 0
33 40 0
33 41 0
33 42 74
33 43 0
33 44 0
33 45 0
33 46 0
33 47 93
33 48 60
33 49 0
33 50 0
33 51 0
33 52 0
33 53 0
33 54 0
33 55 54
33 56 0
33 57 0
33 58 0
33 59 0
34 35 0
34 36 0
34 37 74
34 38 0
34 39 87
34 40 87
34 41 78
34 42 0
34 43 65
34 44 67
34 45 67
34 46 0
34 47 0
34 48 0
34 49 68
34 50 74
34 51 74
34 52 80
34 53 88
34 54 82
34 55 0
34 56 66
34 57 78
34 58 70
34 59 94
35 36 95
35 37 0
35 38 84
35 39 0
35 40 0
35 41 0
35 42 67
35 43 0
35 44 0
35 45 0
35 46 0
35 47 92
35 48 58
35 49 0
35 50 0
35 51 0
35 52 0
35 53 0
35 54 0
35 55 54
35 56 0
35 57 0
35 58 0
35 59 0
36 37 0
36 38 80
36 39 0
36 40 0
36 41 0
36 42 71
36 43 0
36 44 0
36 45 0
36 46 0
36 47 98
36 48 62
36 49 0
36 50 0
36 51 0
36 52 0
36 53 0
36 54 0
36 55 57
36 56 0
36 57 0
36 58 0
36 59 0
37 38 0
37 39 89
37 40 89
37 41 58
37 42 0
37 43 90
37 44 52
37 45 48
37 46 0
37 47 0
37 48 0
37 49 89
37 50 63
37 51 100
37 52 94
37 53 85
37 54 92
37 55 0
37 56 89
37 57 61
37 58 52
37 59 79
38 39 0
38 40 0
38 41 0
38 42 65
38 43 0
38 44 0
38 45 0
38 46 0
38 47 86
38 48 51
38 49 0
38 50 0
38 51 0
38 52 0
38 53 0
38 54 0
38 55 46
38 56 0
38 57 0
38 58 0
38 59 0
39 40 100
39 41 67
39 42 0
39 43 78
39 44 60
39 45 58
39 46 0
39 47 0
39 48 0
39 49 82
39 50 69
39 51 88
39 52 94
39 53 96
39 54 96
39 55 0
39 56 80
39 57 71
39 58 61
39 59 91
40 41 67
40 42 0
40 43 78
40 44 60
40 45 58
40 46 0
40 47 0
40 48 0
40 49 82
40 50 69
40 51 88
40 52 94
40 53 96
40 54 96
40 55 0
40 56 80
40 57 71
40 58 61
40 59 91
41 42 0
41 43 53
41 44 88
41 45 90
41 46 0
41 47 0
41 48 0
41 49 58
41 50 90
41 51 58
41 52 61
41 53 72
41 54 66
41 55 0
41 56 56
41 57 97
41 58 93
41 59 73
42 43 0
42 44 0
42 45 0
42 46 0
42 47 70
42 48 92
42 49 0
42 50 0
42 51 0
42 52 0
42 53 0
42 54 0
42 55 93
42 56 0
42 57 0
42 58 0
42 59 0
43 44 50
43 45 46
43 46 0
43 47 0
43 48 0
43 49 97
43 50 60
43 51 89
43 52 83
43 53 78
43 54 83
43 55 0
43 56 99
43 57 58
43 58 49
43 59 70
44 45 93
44 46 0
44 47 0
44 48 0
44 49 55
44 50 91
44 51 52
44 52 54
44 53 65
44 54 60
44 55 0
44 56 53
44 57 89
44 58 95
44 59 63
45 46 0
45 47 0
45 48 0
45 49 50
45 50 87
45 51 49
45 52 52
45 53 62
45 54 57
45 55 0
45 56 48
45 57 89
45 58 96
45 59 62
46 47 0
46 48 0
46 49 0
46 50 0
46 51 0
46 52 0
46 53 0
46 54 0
46 55 0
46 56 0
46 57 0
46 58 0
46 59 0
47 48 61
47 49 0
47 50 0
47 51 0
47 52 0
47 53 0
47 54 0
47 55 63
47 56 0
47 57 0
47 58 0
47 59 0
48 49 0
48 50 0
48 51 0
48 52 0
48 53 0
48 54 0
48 55 88
48 56 0
48 57 0
48 58 0
48 59 0
49 50 65
49 51 90
49 52 84
49 53 80
49 54 85
49 55 0
49 56 99
49 57 61
49 58 53
49 59 72
50 51 62
50 52 64
50 53 74
50 54 69
50 55 0
50 56 62
50 57 94
50 58 91
50 59 71
51 52 93
51 53 86
51 54 92
51 55 0
51 56 89
51 57 61
51 58 52
51 59 79
52 53 90
52 54 95
52 55 0
52 56 82
52 57 64
52 58 55
52 59 85
53 54 94
53 55 0
53 56 79
53 57 76
53 58 66
53 59 92
54 55 0
54 56 84
54 57 69
54 58 60
54 59 86
55 56 0
55 57 0
55 58 0
55 59 0
56 57 59
56 58 52
56 59 70
57 58 93
57 59 73
58 59 65
